
--Converted with ttyyuu12345's model to script plugin v4
function sandbox(var,func)
	local env = getfenv(func)
	local newenv = setmetatable({},{
		__index = function(self,k)
			if k=="script" then
				return var
			else
				return env[k]
			end
		end,
	})
	setfenv(func,newenv)
	return func
end
cors = {}
mas = Instance.new("Model",game:GetService("Lighting"))
Tool0 = Instance.new("Tool")
Part1 = Instance.new("Part")
Sound2 = Instance.new("Sound")
SpecialMesh3 = Instance.new("SpecialMesh")
Part4 = Instance.new("Part")
SpotLight5 = Instance.new("SpotLight")
SpotLight6 = Instance.new("SpotLight")
Motor7 = Instance.new("Motor")
LocalScript8 = Instance.new("LocalScript")
Camera9 = Instance.new("Camera")
Script10 = Instance.new("Script")
Script11 = Instance.new("Script")
SpawnLocation12 = Instance.new("SpawnLocation")
Decal13 = Instance.new("Decal")
Model14 = Instance.new("Model")
Part15 = Instance.new("Part")
SpecialMesh16 = Instance.new("SpecialMesh")
Fire17 = Instance.new("Fire")
Weld18 = Instance.new("Weld")
Part19 = Instance.new("Part")
Snap20 = Instance.new("Snap")
Fire21 = Instance.new("Fire")
Motor22 = Instance.new("Motor")
Motor23 = Instance.new("Motor")
Motor24 = Instance.new("Motor")
Sound25 = Instance.new("Sound")
Script26 = Instance.new("Script")
ScreenGui27 = Instance.new("ScreenGui")
Frame28 = Instance.new("Frame")
ImageLabel29 = Instance.new("ImageLabel")
Weld30 = Instance.new("Weld")
Weld31 = Instance.new("Weld")
Part32 = Instance.new("Part")
Fire33 = Instance.new("Fire")
Weld34 = Instance.new("Weld")
Weld35 = Instance.new("Weld")
Part36 = Instance.new("Part")
Fire37 = Instance.new("Fire")
Weld38 = Instance.new("Weld")
Weld39 = Instance.new("Weld")
IntValue40 = Instance.new("IntValue")
IntValue41 = Instance.new("IntValue")
IntValue42 = Instance.new("IntValue")
IntValue43 = Instance.new("IntValue")
Part44 = Instance.new("Part")
Weld45 = Instance.new("Weld")
Weld46 = Instance.new("Weld")
Weld47 = Instance.new("Weld")
Weld48 = Instance.new("Weld")
Weld49 = Instance.new("Weld")
Weld50 = Instance.new("Weld")
Weld51 = Instance.new("Weld")
Weld52 = Instance.new("Weld")
Weld53 = Instance.new("Weld")
Weld54 = Instance.new("Weld")
Weld55 = Instance.new("Weld")
Weld56 = Instance.new("Weld")
Weld57 = Instance.new("Weld")
Weld58 = Instance.new("Weld")
Weld59 = Instance.new("Weld")
Weld60 = Instance.new("Weld")
Weld61 = Instance.new("Weld")
Weld62 = Instance.new("Weld")
Weld63 = Instance.new("Weld")
Weld64 = Instance.new("Weld")
Weld65 = Instance.new("Weld")
Weld66 = Instance.new("Weld")
Weld67 = Instance.new("Weld")
Weld68 = Instance.new("Weld")
Weld69 = Instance.new("Weld")
Weld70 = Instance.new("Weld")
Weld71 = Instance.new("Weld")
Weld72 = Instance.new("Weld")
Weld73 = Instance.new("Weld")
Weld74 = Instance.new("Weld")
Weld75 = Instance.new("Weld")
Weld76 = Instance.new("Weld")
Weld77 = Instance.new("Weld")
Weld78 = Instance.new("Weld")
Weld79 = Instance.new("Weld")
Weld80 = Instance.new("Weld")
Weld81 = Instance.new("Weld")
Weld82 = Instance.new("Weld")
Weld83 = Instance.new("Weld")
Weld84 = Instance.new("Weld")
Weld85 = Instance.new("Weld")
Weld86 = Instance.new("Weld")
Weld87 = Instance.new("Weld")
Fire88 = Instance.new("Fire")
Weld89 = Instance.new("Weld")
Weld90 = Instance.new("Weld")
Part91 = Instance.new("Part")
Fire92 = Instance.new("Fire")
Weld93 = Instance.new("Weld")
Script94 = Instance.new("Script")
Script95 = Instance.new("Script")
Script96 = Instance.new("Script")
Script97 = Instance.new("Script")
Script98 = Instance.new("Script")
Humanoid99 = Instance.new("Humanoid")
Model100 = Instance.new("Model")
Part101 = Instance.new("Part")
SpecialMesh102 = Instance.new("SpecialMesh")
Part103 = Instance.new("Part")
SpecialMesh104 = Instance.new("SpecialMesh")
Part105 = Instance.new("Part")
Weld106 = Instance.new("Weld")
Weld107 = Instance.new("Weld")
Weld108 = Instance.new("Weld")
Weld109 = Instance.new("Weld")
Weld110 = Instance.new("Weld")
Weld111 = Instance.new("Weld")
Weld112 = Instance.new("Weld")
Weld113 = Instance.new("Weld")
Weld114 = Instance.new("Weld")
Weld115 = Instance.new("Weld")
Part116 = Instance.new("Part")
SpecialMesh117 = Instance.new("SpecialMesh")
Part118 = Instance.new("Part")
SpecialMesh119 = Instance.new("SpecialMesh")
Part120 = Instance.new("Part")
SpecialMesh121 = Instance.new("SpecialMesh")
Part122 = Instance.new("Part")
SpecialMesh123 = Instance.new("SpecialMesh")
Part124 = Instance.new("Part")
SpecialMesh125 = Instance.new("SpecialMesh")
Part126 = Instance.new("Part")
SpecialMesh127 = Instance.new("SpecialMesh")
Part128 = Instance.new("Part")
SpecialMesh129 = Instance.new("SpecialMesh")
Model130 = Instance.new("Model")
Part131 = Instance.new("Part")
Weld132 = Instance.new("Weld")
Weld133 = Instance.new("Weld")
Weld134 = Instance.new("Weld")
Weld135 = Instance.new("Weld")
Weld136 = Instance.new("Weld")
Weld137 = Instance.new("Weld")
Weld138 = Instance.new("Weld")
Weld139 = Instance.new("Weld")
Weld140 = Instance.new("Weld")
Weld141 = Instance.new("Weld")
Part142 = Instance.new("Part")
SpecialMesh143 = Instance.new("SpecialMesh")
Part144 = Instance.new("Part")
SpecialMesh145 = Instance.new("SpecialMesh")
Part146 = Instance.new("Part")
SpecialMesh147 = Instance.new("SpecialMesh")
Part148 = Instance.new("Part")
SpecialMesh149 = Instance.new("SpecialMesh")
Part150 = Instance.new("Part")
SpecialMesh151 = Instance.new("SpecialMesh")
Part152 = Instance.new("Part")
SpecialMesh153 = Instance.new("SpecialMesh")
Part154 = Instance.new("Part")
SpecialMesh155 = Instance.new("SpecialMesh")
Part156 = Instance.new("Part")
SpecialMesh157 = Instance.new("SpecialMesh")
Part158 = Instance.new("Part")
SpecialMesh159 = Instance.new("SpecialMesh")
Model160 = Instance.new("Model")
Part161 = Instance.new("Part")
Weld162 = Instance.new("Weld")
Weld163 = Instance.new("Weld")
Weld164 = Instance.new("Weld")
Weld165 = Instance.new("Weld")
Weld166 = Instance.new("Weld")
Weld167 = Instance.new("Weld")
Weld168 = Instance.new("Weld")
Weld169 = Instance.new("Weld")
Weld170 = Instance.new("Weld")
Weld171 = Instance.new("Weld")
Weld172 = Instance.new("Weld")
Weld173 = Instance.new("Weld")
Weld174 = Instance.new("Weld")
Weld175 = Instance.new("Weld")
Weld176 = Instance.new("Weld")
Weld177 = Instance.new("Weld")
Weld178 = Instance.new("Weld")
Weld179 = Instance.new("Weld")
Weld180 = Instance.new("Weld")
Weld181 = Instance.new("Weld")
Weld182 = Instance.new("Weld")
Weld183 = Instance.new("Weld")
Weld184 = Instance.new("Weld")
Weld185 = Instance.new("Weld")
Weld186 = Instance.new("Weld")
Weld187 = Instance.new("Weld")
Part188 = Instance.new("Part")
SpecialMesh189 = Instance.new("SpecialMesh")
Part190 = Instance.new("Part")
SpecialMesh191 = Instance.new("SpecialMesh")
Part192 = Instance.new("Part")
SpecialMesh193 = Instance.new("SpecialMesh")
Part194 = Instance.new("Part")
SpecialMesh195 = Instance.new("SpecialMesh")
Part196 = Instance.new("Part")
SpecialMesh197 = Instance.new("SpecialMesh")
Part198 = Instance.new("Part")
SpecialMesh199 = Instance.new("SpecialMesh")
Part200 = Instance.new("Part")
SpecialMesh201 = Instance.new("SpecialMesh")
Part202 = Instance.new("Part")
SpecialMesh203 = Instance.new("SpecialMesh")
Part204 = Instance.new("Part")
SpecialMesh205 = Instance.new("SpecialMesh")
Part206 = Instance.new("Part")
SpecialMesh207 = Instance.new("SpecialMesh")
Part208 = Instance.new("Part")
Weld209 = Instance.new("Weld")
SpecialMesh210 = Instance.new("SpecialMesh")
RotateP211 = Instance.new("RotateP")
Script212 = Instance.new("Script")
Part213 = Instance.new("Part")
Weld214 = Instance.new("Weld")
SpecialMesh215 = Instance.new("SpecialMesh")
Part216 = Instance.new("Part")
SpecialMesh217 = Instance.new("SpecialMesh")
Part218 = Instance.new("Part")
SpecialMesh219 = Instance.new("SpecialMesh")
Part220 = Instance.new("Part")
SpecialMesh221 = Instance.new("SpecialMesh")
Part222 = Instance.new("Part")
SpecialMesh223 = Instance.new("SpecialMesh")
Part224 = Instance.new("Part")
SpecialMesh225 = Instance.new("SpecialMesh")
Part226 = Instance.new("Part")
SpecialMesh227 = Instance.new("SpecialMesh")
Part228 = Instance.new("Part")
SpecialMesh229 = Instance.new("SpecialMesh")
Part230 = Instance.new("Part")
SpecialMesh231 = Instance.new("SpecialMesh")
Part232 = Instance.new("Part")
SpecialMesh233 = Instance.new("SpecialMesh")
Part234 = Instance.new("Part")
SpecialMesh235 = Instance.new("SpecialMesh")
Part236 = Instance.new("Part")
SpecialMesh237 = Instance.new("SpecialMesh")
Part238 = Instance.new("Part")
SpecialMesh239 = Instance.new("SpecialMesh")
Part240 = Instance.new("Part")
SpecialMesh241 = Instance.new("SpecialMesh")
Model242 = Instance.new("Model")
Part243 = Instance.new("Part")
Weld244 = Instance.new("Weld")
Weld245 = Instance.new("Weld")
Weld246 = Instance.new("Weld")
Weld247 = Instance.new("Weld")
Weld248 = Instance.new("Weld")
Weld249 = Instance.new("Weld")
Weld250 = Instance.new("Weld")
Weld251 = Instance.new("Weld")
Weld252 = Instance.new("Weld")
Weld253 = Instance.new("Weld")
Weld254 = Instance.new("Weld")
Weld255 = Instance.new("Weld")
Weld256 = Instance.new("Weld")
Weld257 = Instance.new("Weld")
Weld258 = Instance.new("Weld")
Part259 = Instance.new("Part")
SpecialMesh260 = Instance.new("SpecialMesh")
Part261 = Instance.new("Part")
SpecialMesh262 = Instance.new("SpecialMesh")
Part263 = Instance.new("Part")
SpecialMesh264 = Instance.new("SpecialMesh")
Part265 = Instance.new("Part")
SpecialMesh266 = Instance.new("SpecialMesh")
Part267 = Instance.new("Part")
SpecialMesh268 = Instance.new("SpecialMesh")
Part269 = Instance.new("Part")
SpecialMesh270 = Instance.new("SpecialMesh")
Part271 = Instance.new("Part")
SpecialMesh272 = Instance.new("SpecialMesh")
Part273 = Instance.new("Part")
SpecialMesh274 = Instance.new("SpecialMesh")
Part275 = Instance.new("Part")
SpecialMesh276 = Instance.new("SpecialMesh")
Part277 = Instance.new("Part")
SpecialMesh278 = Instance.new("SpecialMesh")
Part279 = Instance.new("Part")
SpecialMesh280 = Instance.new("SpecialMesh")
Part281 = Instance.new("Part")
SpecialMesh282 = Instance.new("SpecialMesh")
Part283 = Instance.new("Part")
SpecialMesh284 = Instance.new("SpecialMesh")
Part285 = Instance.new("Part")
SpecialMesh286 = Instance.new("SpecialMesh")
Model287 = Instance.new("Model")
Part288 = Instance.new("Part")
Weld289 = Instance.new("Weld")
Weld290 = Instance.new("Weld")
Weld291 = Instance.new("Weld")
Weld292 = Instance.new("Weld")
Weld293 = Instance.new("Weld")
Weld294 = Instance.new("Weld")
Weld295 = Instance.new("Weld")
Weld296 = Instance.new("Weld")
Weld297 = Instance.new("Weld")
Weld298 = Instance.new("Weld")
Weld299 = Instance.new("Weld")
Weld300 = Instance.new("Weld")
Weld301 = Instance.new("Weld")
Weld302 = Instance.new("Weld")
Weld303 = Instance.new("Weld")
Part304 = Instance.new("Part")
SpecialMesh305 = Instance.new("SpecialMesh")
Part306 = Instance.new("Part")
SpecialMesh307 = Instance.new("SpecialMesh")
Part308 = Instance.new("Part")
SpecialMesh309 = Instance.new("SpecialMesh")
Part310 = Instance.new("Part")
SpecialMesh311 = Instance.new("SpecialMesh")
Part312 = Instance.new("Part")
SpecialMesh313 = Instance.new("SpecialMesh")
Part314 = Instance.new("Part")
SpecialMesh315 = Instance.new("SpecialMesh")
Part316 = Instance.new("Part")
SpecialMesh317 = Instance.new("SpecialMesh")
Part318 = Instance.new("Part")
SpecialMesh319 = Instance.new("SpecialMesh")
Part320 = Instance.new("Part")
SpecialMesh321 = Instance.new("SpecialMesh")
Part322 = Instance.new("Part")
SpecialMesh323 = Instance.new("SpecialMesh")
Part324 = Instance.new("Part")
SpecialMesh325 = Instance.new("SpecialMesh")
Part326 = Instance.new("Part")
SpecialMesh327 = Instance.new("SpecialMesh")
Part328 = Instance.new("Part")
SpecialMesh329 = Instance.new("SpecialMesh")
Part330 = Instance.new("Part")
SpecialMesh331 = Instance.new("SpecialMesh")
RotateP332 = Instance.new("RotateP")
Script333 = Instance.new("Script")
Part334 = Instance.new("Part")
Part335 = Instance.new("Part")
Part336 = Instance.new("Part")
Part337 = Instance.new("Part")
Part338 = Instance.new("Part")
Part339 = Instance.new("Part")
Tool0.Name = "Flashlight"
Tool0.Parent = mas
Tool0.TextureId = "http://www.roblox.com/asset/?id=115955232"
Tool0.Grip = CFrame.new(0.100000001, -0.400000006, 0, 1, 0, 0, 0, 1, 0, 0, 0, 1)
Tool0.GripPos = Vector3.new(0.100000001, -0.400000006, 0)
Part1.Name = "Handle"
Part1.Parent = Tool0
Part1.CFrame = CFrame.new(-130.369705, 84.8534393, 50.1105576, -0.664780319, -0.0262656584, 0.74657613, 0.204992607, 0.954605877, 0.216119066, -0.718361795, 0.29671368, -0.629219353)
Part1.Orientation = Vector3.new(-12.4799995, 130.119995, 12.1199999)
Part1.Position = Vector3.new(-130.369705, 84.8534393, 50.1105576)
Part1.Rotation = Vector3.new(-161.039993, 48.2900009, 177.740005)
Part1.Color = Color3.new(0.960784, 0.803922, 0.188235)
Part1.Size = Vector3.new(0.5, 0.5, 2)
Part1.BottomSurface = Enum.SurfaceType.Smooth
Part1.BrickColor = BrickColor.new("Bright yellow")
Part1.Locked = true
Part1.TopSurface = Enum.SurfaceType.Smooth
Part1.brickColor = BrickColor.new("Bright yellow")
Part1.FormFactor = Enum.FormFactor.Custom
Part1.formFactor = Enum.FormFactor.Custom
Sound2.Parent = Part1
Sound2.SoundId = "http://www.roblox.com/asset/?id=115959318"
Sound2.Volume = 1
SpecialMesh3.Parent = Part1
SpecialMesh3.MeshId = "http://www.roblox.com/asset/?id=115955313"
SpecialMesh3.Scale = Vector3.new(0.699999988, 0.699999988, 0.699999988)
SpecialMesh3.TextureId = "http://www.roblox.com/asset?id=115955343"
SpecialMesh3.MeshType = Enum.MeshType.FileMesh
Part4.Name = "LightPart"
Part4.Parent = Tool0
Part4.CFrame = CFrame.new(-130.369705, 84.8534393, 50.1105576, -0.664780319, -0.0262656584, 0.74657613, 0.204992607, 0.954605877, 0.216119066, -0.718361795, 0.29671368, -0.629219353)
Part4.Orientation = Vector3.new(-12.4799995, 130.119995, 12.1199999)
Part4.Position = Vector3.new(-130.369705, 84.8534393, 50.1105576)
Part4.Rotation = Vector3.new(-161.039993, 48.2900009, 177.740005)
Part4.Color = Color3.new(0.803922, 0.803922, 0.803922)
Part4.Transparency = 1
Part4.Size = Vector3.new(0.200000003, 0.200000003, 0.200000003)
Part4.BottomSurface = Enum.SurfaceType.Smooth
Part4.BrickColor = BrickColor.new("Mid gray")
Part4.CanCollide = false
Part4.Locked = true
Part4.TopSurface = Enum.SurfaceType.Smooth
Part4.brickColor = BrickColor.new("Mid gray")
Part4.FormFactor = Enum.FormFactor.Custom
Part4.formFactor = Enum.FormFactor.Custom
SpotLight5.Parent = Part4
SpotLight5.Color = Color3.new(0.956863, 1, 0.913726)
SpotLight5.Enabled = false
SpotLight5.Range = 32
SpotLight5.Angle = 70
SpotLight6.Name = "SpotLight2"
SpotLight6.Parent = Part4
SpotLight6.Color = Color3.new(0.956863, 1, 0.913726)
SpotLight6.Enabled = false
SpotLight6.Range = 60
SpotLight6.Brightness = 0.75
SpotLight6.Angle = 70
Motor7.Parent = Tool0
Motor7.Part0 = Part1
Motor7.Part1 = Part4
Motor7.part1 = Part4
LocalScript8.Parent = Tool0
table.insert(cors,sandbox(LocalScript8,function()
--Stickmasterluke


sp=script.Parent


cooldown=.35

lightontexture=115984370
lightofftexture=115955343

local weld=sp:WaitForChild("Motor")
local lp=sp:WaitForChild("LightPart")
local handle=sp:WaitForChild("Handle")
local spotlight=lp:WaitForChild("SpotLight")
local spotlight2=lp:WaitForChild("SpotLight2")
local mesh=handle:WaitForChild("Mesh")
local sound=handle:WaitForChild("Sound")
lastclick=0




sp.Equipped:connect(function(mouse)
	equipped=true
	if mouse~=nil then
		themouse=mouse
		mouse.Button1Down:connect(function()
			if lastclick+cooldown<tick() then
				spotlight.Enabled=not spotlight.Enabled
				spotlight2.Enabled=spotlight.Enabled
				mesh.TextureId="http://www.roblox.com/asset?id="..tostring((spotlight.Enabled and lightontexture) or lightofftexture)
				sound:Play()
				lastclick=tick()
			end
		end)
	end
	if weld~=nil then
		weld.Parent=sp
	end
	while equipped and sp.Parent~=nil do
		local head=sp.Parent:FindFirstChild("Head")
		if spotlight.Enabled and themouse and handle and weld and head then
			local vec=themouse.Hit.p-head.Position
			local pos=(handle.CFrame*CFrame.new(0,0,-1)).p
			local cf=CFrame.new(pos,pos+vec)
			--lp.CFrame=cf
			weld.C0=handle.CFrame:toObjectSpace(cf)
		end
		wait()
	end
end)

sp.Unequipped:connect(function()
	if weld~=nil then
		weld.Parent=sp
	end
	equipped=false
end)


















end))
Camera9.Name = "ThumbnailCamera"
Camera9.Parent = Tool0
Camera9.CFrame = CFrame.new(-1.95060039, 10.8336658, 2.26321077, 0.97514832, 0.0402054191, -0.217874527, 3.72528985e-09, 0.983396351, 0.181470811, 0.221553117, -0.17696096, 0.958957314)
Camera9.CoordinateFrame = CFrame.new(-1.95060039, 10.8336658, 2.26321077, 0.97514832, 0.0402054191, -0.217874527, 3.72528985e-09, 0.983396351, 0.181470811, 0.221553117, -0.17696096, 0.958957314)
Camera9.Focus = CFrame.new(-1.54999995, 10.5, 0.5, 1, 0, 0, 0, 1, 0, 0, 0, 1)
Camera9.focus = CFrame.new(-1.54999995, 10.5, 0.5, 1, 0, 0, 0, 1, 0, 0, 0, 1)
Script10.Parent = Tool0
table.insert(cors,sandbox(Script10,function()
wait(0.5)
script.Parent.Parent = game.StarterPack

end))
Script11.Parent = mas
table.insert(cors,sandbox(Script11,function()
local horror = Instance.new("Sound",workspace)
horror.SoundId = "rbxassetid://6152363699"
horror.Volume = 10
horror.IsPlaying = true
horror.Looped = true
end))
SpawnLocation12.Parent = mas
SpawnLocation12.CFrame = CFrame.new(-14.0026274, 7.84447098, -21.846859, 1, 0, 0, 0, 1, 0, 0, 0, 1)
SpawnLocation12.Position = Vector3.new(-14.0026274, 7.84447098, -21.846859)
SpawnLocation12.Color = Color3.new(0.105882, 0.164706, 0.207843)
SpawnLocation12.Size = Vector3.new(4.58525467, 1, 4.31372023)
SpawnLocation12.Anchored = true
SpawnLocation12.BottomSurface = Enum.SurfaceType.Smooth
SpawnLocation12.BrickColor = BrickColor.new("Black")
SpawnLocation12.Material = Enum.Material.CorrodedMetal
SpawnLocation12.TopSurface = Enum.SurfaceType.Smooth
SpawnLocation12.brickColor = BrickColor.new("Black")
Decal13.Parent = SpawnLocation12
Decal13.Texture = "rbxasset://textures/SpawnLocation.png"
Decal13.Face = Enum.NormalId.Top
Model14.Name = "    "
Model14.Parent = mas
Part15.Name = "Head"
Part15.Parent = Model14
Part15.CFrame = CFrame.new(176.227112, 11.8519478, -146.175125, -0.999999166, 5.40126507e-07, 5.13519979e-07, 4.41144891e-07, 0.982300222, -0.187306315, -5.66947847e-07, -0.187306583, -0.982299507)
Part15.Orientation = Vector3.new(10.8000002, 180, 0)
Part15.Position = Vector3.new(176.227112, 11.8519478, -146.175125)
Part15.Rotation = Vector3.new(169.199997, 0, -180)
Part15.Color = Color3.new(0.972549, 0.972549, 0.972549)
Part15.Transparency = 0.99000000953674
Part15.Size = Vector3.new(2, 1, 1)
Part15.BrickColor = BrickColor.new("Institutional white")
Part15.Friction = 0
Part15.TopSurface = Enum.SurfaceType.Smooth
Part15.brickColor = BrickColor.new("Institutional white")
Part15.FormFactor = Enum.FormFactor.Symmetric
Part15.formFactor = Enum.FormFactor.Symmetric
SpecialMesh16.Parent = Part15
SpecialMesh16.Scale = Vector3.new(1.25, 1.25, 1.25)
Fire17.Parent = Part15
Fire17.Color = Color3.new(1, 1, 0)
Fire17.Enabled = false
Fire17.Size = 30
Fire17.Heat = 25
Fire17.SecondaryColor = Color3.new(1, 0, 0)
Fire17.size = 30
Weld18.Parent = Part15
Weld18.C0 = CFrame.new(67.6102982, -6.2000885, -90.7102585, 0.999999762, 8.8817842e-16, 5.68434189e-14, 6.21724894e-15, 0.999999166, 1.49011612e-08, -2.84217094e-14, 1.49011612e-08, 0.999998927)
Weld18.C1 = CFrame.new(67.6102829, -11.3196754, -90.0858536, 0.999999762, -1.03477831e-08, 1.52952907e-07, -8.91322682e-10, 0.997309625, 0.0732988343, -1.53299993e-07, -0.0732988194, 0.997309387)
Weld18.Part0 = Part15
Weld18.Part1 = Part19
Weld18.part1 = Part19
Part19.Name = "Torso"
Part19.Parent = Model14
Part19.CFrame = CFrame.new(176.227142, 10.371603, -145.855316, -0.999999642, 5.77206038e-07, 6.2584877e-07, 4.02331352e-07, 0.965929747, -0.258804411, -7.15255737e-07, -0.2588045, -0.965929389)
Part19.Orientation = Vector3.new(15, 180, 0)
Part19.Position = Vector3.new(176.227142, 10.371603, -145.855316)
Part19.Rotation = Vector3.new(165, 0, -180)
Part19.Color = Color3.new(0.105882, 0.164706, 0.207843)
Part19.Transparency = 1
Part19.Size = Vector3.new(2, 2, 1)
Part19.BrickColor = BrickColor.new("Black")
Part19.Friction = 0
Part19.LeftParamA = 0
Part19.LeftParamB = 0
Part19.RightParamA = 0
Part19.RightParamB = 0
Part19.brickColor = BrickColor.new("Black")
Part19.FormFactor = Enum.FormFactor.Symmetric
Part19.formFactor = Enum.FormFactor.Symmetric
Snap20.Name = "Neck"
Snap20.Parent = Part19
Snap20.C0 = CFrame.new(0, 1, 0, -1, 0, 0, 0, 0, 1, 0, 1, -0)
Snap20.C1 = CFrame.new(0, -0.5, 0, -1, 0, 0, 0, 0, 1, 0, 1, -0)
Fire21.Parent = Part19
Fire21.Color = Color3.new(1, 1, 0)
Fire21.Enabled = false
Fire21.Size = 30
Fire21.Heat = 25
Fire21.SecondaryColor = Color3.new(1, 0, 0)
Fire21.size = 30
Motor22.Name = "Right Hip"
Motor22.Parent = Part19
Motor22.MaxVelocity = 0.5
Motor22.C0 = CFrame.new(1, -1, 0, 0, 0, 1, 0, 1, -0, -1, 0, 0)
Motor22.C1 = CFrame.new(0.5, 1, 0, 0, 0, 1, 0, 1, -0, -1, 0, 0)
Motor22.Part0 = Part19
Motor22.Part1 = Part36
Motor22.part1 = Part36
Motor23.Name = "Left Shoulder"
Motor23.Parent = Part19
Motor23.MaxVelocity = 0.15000000596046
Motor23.C0 = CFrame.new(2, 0.5, 0, 0, 0, -1, 0, 1, 0, 1, 0, 0)
Motor23.C1 = CFrame.new(0.5, 0.5, 0, 0, 0, -1, 0, 1, 0, 1, 0, 0)
Motor23.Part0 = Part91
Motor23.Part1 = Part19
Motor23.part1 = Part19
Motor24.Name = "Right Shoulder"
Motor24.Parent = Part19
Motor24.MaxVelocity = 0.15000000596046
Motor24.C0 = CFrame.new(-2, 0.5, 0, 0, 0, 1, 0, 1, -0, -1, 0, 0)
Motor24.C1 = CFrame.new(-0.5, 0.5, 0, 0, 0, 1, 0, 1, -0, -1, 0, 0)
Motor24.Part0 = Part44
Motor24.Part1 = Part19
Motor24.part1 = Part19
Sound25.Name = "Scream"
Sound25.Parent = Part19
Sound25.Pitch = 2
Sound25.PlaybackSpeed = 2
Sound25.SoundId = "http://www.roblox.com/asset/?id=11984351"
Sound25.Volume = 1
Script26.Name = "ScaryScript"
Script26.Parent = Part19
table.insert(cors,sandbox(Script26,function()
Sound = script.Parent.Scream
Popup = script.Parent.Popup
Ready = true
function onTouch(hit)
local h = hit.Parent:FindFirstChild("Humanoid")
if h ~= nil and Ready == true then
Ready = false
local plyr = game.Players:FindFirstChild(h.Parent.Name)
local c = Popup:clone()
c.Parent = plyr.PlayerGui
script.Parent.Scream:play()
wait(2)
c:remove()
wait(1)
Ready = true
end
end

script.Parent.Touched:connect(onTouch)

end))
ScreenGui27.Name = "Popup"
ScreenGui27.Parent = Part19
Frame28.Name = "BackGround"
Frame28.Parent = ScreenGui27
Frame28.Position = UDim2.new(0, 0, -0.100000001, 0)
Frame28.Size = UDim2.new(1.10000002, 0, 1.20000005, 0)
Frame28.BackgroundColor = BrickColor.new("Black metallic")
Frame28.BackgroundColor3 = Color3.new(0.109804, 0.109804, 0.109804)
Frame28.BackgroundTransparency = 1
ImageLabel29.Name = "Image"
ImageLabel29.Parent = Frame28
ImageLabel29.Position = UDim2.new(0.00100000005, 0, 0.0500000007, 0)
ImageLabel29.Size = UDim2.new(1, 0, 1, 0)
ImageLabel29.BackgroundColor = BrickColor.new("Really black")
ImageLabel29.BackgroundColor3 = Color3.new(0, 0, 0)
ImageLabel29.BackgroundTransparency = 1
ImageLabel29.Image = "http://www.roblox.com/asset/?id=173023361"
Weld30.Parent = Part19
Weld30.C0 = CFrame.new(67.6102829, -11.3196754, -90.0858536, 0.999999762, -1.03477831e-08, 1.52952907e-07, -8.91322682e-10, 0.997309625, 0.0732988343, -1.53299993e-07, -0.0732988194, 0.997309387)
Weld30.C1 = CFrame.new(68.1102829, -9.31966782, -90.0857544, 0.999999762, -1.03477689e-08, 1.52952765e-07, -8.91318297e-10, 0.997308552, 0.0732987523, -1.53299965e-07, -0.0732987374, 0.997308314)
Weld30.Part0 = Part19
Weld30.Part1 = Part32
Weld30.part1 = Part32
Weld31.Parent = Part19
Weld31.Part0 = Part19
Weld31.Part1 = Part161
Weld31.part1 = Part161
Part32.Name = "Left Leg"
Part32.Parent = Model14
Part32.CFrame = CFrame.new(176.727112, 8.43979836, -145.337402, -0.999999166, 5.77204958e-07, 6.2584752e-07, 4.0233121e-07, 0.965927899, -0.258803815, -7.15255169e-07, -0.258803993, -0.965927124)
Part32.Orientation = Vector3.new(15, 180, 0)
Part32.Position = Vector3.new(176.727112, 8.43979836, -145.337402)
Part32.Rotation = Vector3.new(165, 0, -180)
Part32.Transparency = 1
Part32.Size = Vector3.new(1, 2, 1)
Part32.BottomSurface = Enum.SurfaceType.Smooth
Part32.CanCollide = false
Part32.FormFactor = Enum.FormFactor.Symmetric
Part32.formFactor = Enum.FormFactor.Symmetric
Fire33.Parent = Part32
Fire33.Color = Color3.new(1, 1, 0)
Fire33.Enabled = false
Fire33.Size = 30
Fire33.Heat = 25
Fire33.SecondaryColor = Color3.new(1, 0, 0)
Fire33.size = 30
Weld34.Parent = Part32
Weld34.C0 = CFrame.new(68.1102219, -9.31963348, -90.0853348, 0.999999285, -1.03477529e-08, 1.52952595e-07, -8.9131269e-10, 0.997307718, 0.0732986853, -1.53299879e-07, -0.073298648, 0.997307062)
Weld34.C1 = CFrame.new(67.1102219, -9.3196125, -90.085144, 0.999999285, -1.03477262e-08, 1.5295231e-07, -8.91304697e-10, 0.997305572, 0.0732985288, -1.53299837e-07, -0.0732984915, 0.997304916)
Weld34.Part0 = Part32
Weld34.Part1 = Part36
Weld34.part1 = Part36
Weld35.Parent = Part32
Weld35.Part0 = Part32
Weld35.Part1 = Part105
Weld35.part1 = Part105
Part36.Name = "Right Leg"
Part36.Parent = Model14
Part36.CFrame = CFrame.new(175.72702, 8.43995476, -145.336487, -0.999997735, 5.77201092e-07, 6.25843313e-07, 4.02330897e-07, 0.965921402, -0.258801728, -7.15253293e-07, -0.258802265, -0.965919375)
Part36.Orientation = Vector3.new(15, 180, 0)
Part36.Position = Vector3.new(175.72702, 8.43995476, -145.336487)
Part36.Rotation = Vector3.new(165, 0, -180)
Part36.Transparency = 1
Part36.Size = Vector3.new(1, 2, 1)
Part36.BottomSurface = Enum.SurfaceType.Smooth
Part36.CanCollide = false
Part36.FormFactor = Enum.FormFactor.Symmetric
Part36.formFactor = Enum.FormFactor.Symmetric
Fire37.Parent = Part36
Fire37.Color = Color3.new(1, 1, 0)
Fire37.Enabled = false
Fire37.Size = 30
Fire37.Heat = 25
Fire37.SecondaryColor = Color3.new(1, 0, 0)
Fire37.size = 30
Weld38.Parent = Part36
Weld38.C0 = CFrame.new(67.1100311, -9.31948471, -90.0836868, 1, -1.03478e-08, 1.52952794e-07, -8.91282548e-10, 0.997310162, 0.07329873, -1.53299837e-07, -0.0732987374, 0.997310042)
Weld38.C1 = CFrame.new(66.1100311, -11.3193903, -90.083313, 1, -1.03478088e-08, 1.52952722e-07, -8.9126645e-10, 0.997310042, 0.07329873, -1.53299752e-07, -0.07329873, 0.997310102)
Weld38.Part0 = Part36
Weld38.Part1 = Part44
Weld38.part1 = Part44
Weld39.Parent = Part36
Weld39.Part0 = Part36
Weld39.Part1 = Part131
Weld39.part1 = Part131
IntValue40.Name = "Mode"
IntValue40.Parent = Model14
IntValue41.Name = "agent11191"
IntValue41.Parent = IntValue40
IntValue42.Name = "Mode"
IntValue42.Parent = IntValue40
IntValue43.Name = "Mode"
IntValue43.Parent = IntValue40
Part44.Name = "Right Arm"
Part44.Parent = Model14
Part44.CFrame = CFrame.new(174.72702, 10.3718042, -145.853714, -0.999997735, 5.77201149e-07, 6.25843313e-07, 4.02330897e-07, 0.965921521, -0.258801758, -7.15253236e-07, -0.258802295, -0.965919495)
Part44.Orientation = Vector3.new(15, 180, 0)
Part44.Position = Vector3.new(174.72702, 10.3718042, -145.853714)
Part44.Rotation = Vector3.new(165, 0, -180)
Part44.Color = Color3.new(0.972549, 0.972549, 0.972549)
Part44.Transparency = 1
Part44.Size = Vector3.new(1, 2, 1)
Part44.BrickColor = BrickColor.new("Institutional white")
Part44.CanCollide = false
Part44.brickColor = BrickColor.new("Institutional white")
Part44.FormFactor = Enum.FormFactor.Symmetric
Part44.formFactor = Enum.FormFactor.Symmetric
Weld45.Name = "RightGrip"
Weld45.Parent = Part44
Weld45.C0 = CFrame.new(0, -1, 0, 1, 0, -0, 0, 0, 1, 0, -1, 0)
Weld45.C1 = CFrame.new(0, 0, -1.5, 0, 0, 1, 1, 0, 0, 0, 1, 0)
Weld46.Name = "RightGrip"
Weld46.Parent = Part44
Weld46.C0 = CFrame.new(0, -1, 0, 1, 0, -0, 0, 0, 1, 0, -1, 0)
Weld46.C1 = CFrame.new(0, 0, -1.5, 0, 0, 1, 1, 0, 0, 0, 1, 0)
Weld47.Name = "RightGrip"
Weld47.Parent = Part44
Weld47.C0 = CFrame.new(0, -1, 0, 1, 0, -0, 0, 0, 1, 0, -1, 0)
Weld47.C1 = CFrame.new(0, 0, -1.5, 0, 0, 1, 1, 0, 0, 0, 1, 0)
Weld48.Name = "RightGrip"
Weld48.Parent = Part44
Weld48.C0 = CFrame.new(0, -1, 0, 1, 0, -0, 0, 0, 1, 0, -1, 0)
Weld48.C1 = CFrame.new(0, 0, -1.5, 0, 0, 1, 1, 0, 0, 0, 1, 0)
Weld49.Name = "RightGrip"
Weld49.Parent = Part44
Weld49.C0 = CFrame.new(0, -1, 0, 1, 0, -0, 0, 0, 1, 0, -1, 0)
Weld49.C1 = CFrame.new(0, 0, -1.5, 0, 0, 1, 1, 0, 0, 0, 1, 0)
Weld50.Name = "RightGrip"
Weld50.Parent = Part44
Weld50.C0 = CFrame.new(0, -1, 0, 1, 0, -0, 0, 0, 1, 0, -1, 0)
Weld50.C1 = CFrame.new(0, 0, -1.5, 0, 0, 1, 1, 0, 0, 0, 1, 0)
Weld51.Name = "RightGrip"
Weld51.Parent = Part44
Weld51.C0 = CFrame.new(0, -1, 0, 1, 0, -0, 0, 0, 1, 0, -1, 0)
Weld51.C1 = CFrame.new(0, 0, -1.5, 0, 0, 1, 1, 0, 0, 0, 1, 0)
Weld52.Name = "RightGrip"
Weld52.Parent = Part44
Weld52.C0 = CFrame.new(0, -1, 0, 1, 0, -0, 0, 0, 1, 0, -1, 0)
Weld52.C1 = CFrame.new(0, 0, -1.5, 0, 0, 1, 1, 0, 0, 0, 1, 0)
Weld53.Name = "RightGrip"
Weld53.Parent = Part44
Weld53.C0 = CFrame.new(0, -1, 0, 1, 0, -0, 0, 0, 1, 0, -1, 0)
Weld53.C1 = CFrame.new(0, 0, -1.5, 0, 0, 1, 1, 0, 0, 0, 1, 0)
Weld54.Name = "RightGrip"
Weld54.Parent = Part44
Weld54.C0 = CFrame.new(0, -1, 0, 1, 0, -0, 0, 0, 1, 0, -1, 0)
Weld54.C1 = CFrame.new(0, 0, -1.5, 0, 0, 1, 1, 0, 0, 0, 1, 0)
Weld55.Name = "RightGrip"
Weld55.Parent = Part44
Weld55.C0 = CFrame.new(0, -1, 0, 1, 0, -0, 0, 0, 1, 0, -1, 0)
Weld55.C1 = CFrame.new(0, 0, -1.5, 0, 0, 1, 1, 0, 0, 0, 1, 0)
Weld56.Name = "RightGrip"
Weld56.Parent = Part44
Weld56.C0 = CFrame.new(0, -1, 0, 1, 0, -0, 0, 0, 1, 0, -1, 0)
Weld56.C1 = CFrame.new(0, 0, -1.5, 0, 0, 1, 1, 0, 0, 0, 1, 0)
Weld57.Name = "RightGrip"
Weld57.Parent = Part44
Weld57.C0 = CFrame.new(0, -1, 0, 1, 0, -0, 0, 0, 1, 0, -1, 0)
Weld57.C1 = CFrame.new(0, 0, -1.5, 0, 0, 1, 1, 0, 0, 0, 1, 0)
Weld58.Name = "RightGrip"
Weld58.Parent = Part44
Weld58.C0 = CFrame.new(0, -1, 0, 1, 0, -0, 0, 0, 1, 0, -1, 0)
Weld58.C1 = CFrame.new(0, 0, -1.5, 0, 0, 1, 1, 0, 0, 0, 1, 0)
Weld59.Name = "RightGrip"
Weld59.Parent = Part44
Weld59.C0 = CFrame.new(0, -1, 0, 1, 0, -0, 0, 0, 1, 0, -1, 0)
Weld59.C1 = CFrame.new(0, 0, -1.5, 0, 0, 1, 1, 0, 0, 0, 1, 0)
Weld60.Name = "RightGrip"
Weld60.Parent = Part44
Weld60.C0 = CFrame.new(0, -1, 0, 1, 0, -0, 0, 0, 1, 0, -1, 0)
Weld60.C1 = CFrame.new(0, 0, -1.5, 0, 0, 1, 1, 0, 0, 0, 1, 0)
Weld61.Name = "RightGrip"
Weld61.Parent = Part44
Weld61.C0 = CFrame.new(0, -1, 0, 1, 0, -0, 0, 0, 1, 0, -1, 0)
Weld61.C1 = CFrame.new(0, 0, -1.5, 0, 0, 1, 1, 0, 0, 0, 1, 0)
Weld62.Name = "RightGrip"
Weld62.Parent = Part44
Weld62.C0 = CFrame.new(0, -1, 0, 1, 0, -0, 0, 0, 1, 0, -1, 0)
Weld62.C1 = CFrame.new(0, 0, -1.5, 0, 0, 1, 1, 0, 0, 0, 1, 0)
Weld63.Name = "RightGrip"
Weld63.Parent = Part44
Weld63.C0 = CFrame.new(0, -1, 0, 1, 0, -0, 0, 0, 1, 0, -1, 0)
Weld63.C1 = CFrame.new(0, 0, -1.5, 0, 0, 1, 1, 0, 0, 0, 1, 0)
Weld64.Name = "RightGrip"
Weld64.Parent = Part44
Weld64.C0 = CFrame.new(0, -1, 0, 1, 0, -0, 0, 0, 1, 0, -1, 0)
Weld64.C1 = CFrame.new(0, 0, -1.5, 0, 0, 1, 1, 0, 0, 0, 1, 0)
Weld65.Name = "RightGrip"
Weld65.Parent = Part44
Weld65.C0 = CFrame.new(0, -1, 0, 1, 0, -0, 0, 0, 1, 0, -1, 0)
Weld65.C1 = CFrame.new(0, 0, -1.5, 0, 0, 1, 1, 0, 0, 0, 1, 0)
Weld66.Name = "RightGrip"
Weld66.Parent = Part44
Weld66.C0 = CFrame.new(0, -1, 0, 1, 0, -0, 0, 0, 1, 0, -1, 0)
Weld66.C1 = CFrame.new(0, 0, -1.5, 0, 0, 1, 1, 0, 0, 0, 1, 0)
Weld67.Name = "RightGrip"
Weld67.Parent = Part44
Weld67.C0 = CFrame.new(0, -1, 0, 1, 0, -0, 0, 0, 1, 0, -1, 0)
Weld67.C1 = CFrame.new(0, 0, -1.5, 0, 0, 1, 1, 0, 0, 0, 1, 0)
Weld68.Name = "RightGrip"
Weld68.Parent = Part44
Weld68.C0 = CFrame.new(0, -1, 0, 1, 0, -0, 0, 0, 1, 0, -1, 0)
Weld68.C1 = CFrame.new(0, 0, -1.5, 0, 0, 1, 1, 0, 0, 0, 1, 0)
Weld69.Name = "RightGrip"
Weld69.Parent = Part44
Weld69.C0 = CFrame.new(0, -1, 0, 1, 0, -0, 0, 0, 1, 0, -1, 0)
Weld69.C1 = CFrame.new(0, 0, -1.5, 0, 0, 1, 1, 0, 0, 0, 1, 0)
Weld70.Name = "RightGrip"
Weld70.Parent = Part44
Weld70.C0 = CFrame.new(0, -1, 0, 1, 0, -0, 0, 0, 1, 0, -1, 0)
Weld70.C1 = CFrame.new(0, 0, -1.5, 0, 0, 1, 1, 0, 0, 0, 1, 0)
Weld71.Name = "RightGrip"
Weld71.Parent = Part44
Weld71.C0 = CFrame.new(0, -1, 0, 1, 0, -0, 0, 0, 1, 0, -1, 0)
Weld71.C1 = CFrame.new(0, 0, -1.5, 0, 0, 1, 1, 0, 0, 0, 1, 0)
Weld72.Name = "RightGrip"
Weld72.Parent = Part44
Weld72.C0 = CFrame.new(0, -1, 0, 1, 0, -0, 0, 0, 1, 0, -1, 0)
Weld72.C1 = CFrame.new(0, 0, -1.5, 0, 0, 1, 1, 0, 0, 0, 1, 0)
Weld73.Name = "RightGrip"
Weld73.Parent = Part44
Weld73.C0 = CFrame.new(0, -1, 0, 1, 0, -0, 0, 0, 1, 0, -1, 0)
Weld73.C1 = CFrame.new(0, 0, -1.5, 0, 0, 1, 1, 0, 0, 0, 1, 0)
Weld74.Name = "RightGrip"
Weld74.Parent = Part44
Weld74.C0 = CFrame.new(0, -1, 0, 1, 0, -0, 0, 0, 1, 0, -1, 0)
Weld74.C1 = CFrame.new(0, 0, -1.5, 0, 0, 1, 1, 0, 0, 0, 1, 0)
Weld75.Name = "RightGrip"
Weld75.Parent = Part44
Weld75.C0 = CFrame.new(0, -1, 0, 1, 0, -0, 0, 0, 1, 0, -1, 0)
Weld75.C1 = CFrame.new(0, 0, -1.5, 0, 0, 1, 1, 0, 0, 0, 1, 0)
Weld76.Name = "RightGrip"
Weld76.Parent = Part44
Weld76.C0 = CFrame.new(0, -1, 0, 1, 0, -0, 0, 0, 1, 0, -1, 0)
Weld76.C1 = CFrame.new(0, 0, -1.5, 0, 0, 1, 1, 0, 0, 0, 1, 0)
Weld77.Name = "RightGrip"
Weld77.Parent = Part44
Weld77.C0 = CFrame.new(0, -1, 0, 1, 0, -0, 0, 0, 1, 0, -1, 0)
Weld77.C1 = CFrame.new(0, 0, -1.5, 0, 0, 1, 1, 0, 0, 0, 1, 0)
Weld78.Name = "RightGrip"
Weld78.Parent = Part44
Weld78.C0 = CFrame.new(0, -1, 0, 1, 0, -0, 0, 0, 1, 0, -1, 0)
Weld78.C1 = CFrame.new(0, 0, 1.5, 0.996552646, 0, -0.0829627588, 0.0829627588, 0, 0.996552646, 0, -1, 0)
Weld79.Name = "RightGrip"
Weld79.Parent = Part44
Weld79.C0 = CFrame.new(0, -1, 0, 1, 0, -0, 0, 0, 1, 0, -1, 0)
Weld79.C1 = CFrame.new(0, 0, 1.5, 0.996552646, 0, -0.0829627588, 0.0829627588, 0, 0.996552646, 0, -1, 0)
Weld80.Name = "RightGrip"
Weld80.Parent = Part44
Weld80.C0 = CFrame.new(0, -1, 0, 1, 0, -0, 0, 0, 1, 0, -1, 0)
Weld80.C1 = CFrame.new(0, 0, 1.5, 0.996552646, 0, -0.0829627588, 0.0829627588, 0, 0.996552646, 0, -1, 0)
Weld81.Name = "RightGrip"
Weld81.Parent = Part44
Weld81.C0 = CFrame.new(0, -1, 0, 1, 0, -0, 0, 0, 1, 0, -1, 0)
Weld81.C1 = CFrame.new(0, 0, 1.5, 0.996552646, 0, -0.0829627588, 0.0829627588, 0, 0.996552646, 0, -1, 0)
Weld82.Name = "RightGrip"
Weld82.Parent = Part44
Weld82.C0 = CFrame.new(0, -1, 0, 1, 0, -0, 0, 0, 1, 0, -1, 0)
Weld82.C1 = CFrame.new(0, 0, 1.5, 0.996552646, 0, -0.0829627588, 0.0829627588, 0, 0.996552646, 0, -1, 0)
Weld83.Name = "RightGrip"
Weld83.Parent = Part44
Weld83.C0 = CFrame.new(0, -1, 0, 1, 0, -0, 0, 0, 1, 0, -1, 0)
Weld83.C1 = CFrame.new(0, 0, 1.5, 0.996552646, 0, -0.0829627588, 0.0829627588, 0, 0.996552646, 0, -1, 0)
Weld84.Name = "RightGrip"
Weld84.Parent = Part44
Weld84.C0 = CFrame.new(0, -1, 0, 1, 0, -0, 0, 0, 1, 0, -1, 0)
Weld84.C1 = CFrame.new(0, 0, 1.5, 0.996552646, 0, -0.0829627588, 0.0829627588, 0, 0.996552646, 0, -1, 0)
Weld85.Name = "RightGrip"
Weld85.Parent = Part44
Weld85.C0 = CFrame.new(0, -1, 0, 1, 0, -0, 0, 0, 1, 0, -1, 0)
Weld85.C1 = CFrame.new(0, 0, 1.5, 0.996552646, 0, -0.0829627588, 0.0829627588, 0, 0.996552646, 0, -1, 0)
Weld86.Name = "RightGrip"
Weld86.Parent = Part44
Weld86.C0 = CFrame.new(0, -1, 0, 1, 0, -0, 0, 0, 1, 0, -1, 0)
Weld86.C1 = CFrame.new(0, 0, 1.5, 0.996552646, 0, -0.0829627588, 0.0829627588, 0, 0.996552646, 0, -1, 0)
Weld87.Name = "RightGrip"
Weld87.Parent = Part44
Weld87.C0 = CFrame.new(0, -1, 0, 1, 0, -0, 0, 0, 1, 0, -1, 0)
Weld87.C1 = CFrame.new(0, 0, 1.5, 0.996552646, 0, -0.0829627588, 0.0829627588, 0, 0.996552646, 0, -1, 0)
Fire88.Parent = Part44
Fire88.Color = Color3.new(1, 1, 0)
Fire88.Enabled = false
Fire88.Size = 30
Fire88.Heat = 25
Fire88.SecondaryColor = Color3.new(1, 0, 0)
Fire88.size = 30
Weld89.Parent = Part44
Weld89.C0 = CFrame.new(66.1097412, -11.3190956, -90.0809326, 1, -1.03475069e-08, 1.52949923e-07, -8.9135882e-10, 0.997310162, 0.0732987002, -1.53296938e-07, -0.0732987076, 0.997310042)
Weld89.C1 = CFrame.new(69.1097336, -11.3190155, -90.080162, 1, -1.03475273e-08, 1.52949738e-07, -8.91328567e-10, 0.997310102, 0.0732987151, -1.53296781e-07, -0.0732987225, 0.997310042)
Weld89.Part0 = Part44
Weld89.Part1 = Part91
Weld89.part1 = Part91
Weld90.Parent = Part44
Weld90.Part0 = Part44
Weld90.Part1 = Part288
Weld90.part1 = Part288
Part91.Name = "Left Arm"
Part91.Parent = Model14
Part91.CFrame = CFrame.new(177.727005, 10.3719234, -145.852951, -0.999997735, 5.77201149e-07, 6.25843143e-07, 4.02330926e-07, 0.96592164, -0.258801788, -7.15253066e-07, -0.258802325, -0.965919495)
Part91.Orientation = Vector3.new(15, 180, 0)
Part91.Position = Vector3.new(177.727005, 10.3719234, -145.852951)
Part91.Rotation = Vector3.new(165, 0, -180)
Part91.Color = Color3.new(0.972549, 0.972549, 0.972549)
Part91.Transparency = 1
Part91.Size = Vector3.new(1, 2, 1)
Part91.BrickColor = BrickColor.new("Institutional white")
Part91.CanCollide = false
Part91.brickColor = BrickColor.new("Institutional white")
Part91.FormFactor = Enum.FormFactor.Symmetric
Part91.formFactor = Enum.FormFactor.Symmetric
Fire92.Parent = Part91
Fire92.Color = Color3.new(1, 1, 0)
Fire92.Enabled = false
Fire92.Size = 30
Fire92.Heat = 25
Fire92.SecondaryColor = Color3.new(1, 0, 0)
Fire92.size = 30
Weld93.Parent = Part91
Weld93.Part0 = Part91
Weld93.Part1 = Part243
Weld93.part1 = Part243
Script94.Name = "Follow"
Script94.Parent = Model14
table.insert(cors,sandbox(Script94,function()
local larm = script.Parent:FindFirstChild("Left Arm")
local rarm = script.Parent:FindFirstChild("Right Arm")

function findNearestTorso(pos)
	local list = game.Workspace:children()
	local torso = nil
	local dist = 1000
	local temp = nil
	local human = nil
	local temp2 = nil
	for x = 1, #list do
		temp2 = list[x]
		if (temp2.className == "Model") and (temp2 ~= script.Parent) then
			temp = temp2:findFirstChild("Torso")
			human = temp2:findFirstChild("Humanoid")
			if (temp ~= nil) and (human ~= nil) and (human.Health > 0) then
				if (temp.Position - pos).magnitude < dist then
					torso = temp
					dist = (temp.Position - pos).magnitude
				end
			end
		end
	end
	return torso
end

while true do
	wait(0.1)
	local target = findNearestTorso(script.Parent.Torso.Position)
	if target ~= nil then
		script.Parent.Humanoid:MoveTo(target.Position, target)
	end
end
end))
Script95.Name = "Jump"
Script95.Parent = Model14
table.insert(cors,sandbox(Script95,function()
while true do
wait(math.random(3,6))
script.Parent.Humanoid.Jump = true
end

end))
Script96.Name = "Respawn"
Script96.Parent = Model14
table.insert(cors,sandbox(Script96,function()
name="Humanoid"



robo=script.Parent:clone()



while true do

	wait(5)

	if script.Parent.Humanoid.Health<1 then

		robot=robo:clone()

		robot.Parent=script.Parent.Parent

		robot:makeJoints()

		script.Parent:remove()

	end

end

		






end))
Script97.Name = "InstaWeld"
Script97.Parent = Model14
table.insert(cors,sandbox(Script97,function()
local prev 
local parts = script.Parent:GetChildren() 

for i = 1,#parts do 
	if (parts[i].className == "Part") then 
		if (prev ~= nil)then 
			local weld = Instance.new("Weld") 
			weld.Part0 = prev 
			weld.Part1 = parts[i] 
			weld.C0 = prev.CFrame:inverse() 
			weld.C1 = parts[i].CFrame:inverse() 
			weld.Parent = prev 
		end 
		prev = parts[i] 
	end 
end
 
-- DO NOT CHANGE ANYTHING! --
-- This script puts a weld in every brick that needs one.--

-- MAKE SURE YOU ONLY HAVE 1 BRICK NAMED [Handle] !!! --

end))
Script98.Parent = Model14
table.insert(cors,sandbox(Script98,function()
local larm = script.Parent:FindFirstChild("Left Arm")
local rarm = script.Parent:FindFirstChild("Right Arm")

function findNearestTorso(pos)
	local list = game.Workspace:children()
	local torso = nil
	local dist = 1000
	local temp = nil
	local human = nil
	local temp2 = nil
	for x = 1, #list do
		temp2 = list[x]
		if (temp2.className == "Model") and (temp2 ~= script.Parent) then
			temp = temp2:findFirstChild("Torso")
			human = temp2:findFirstChild("Humanoid")
			if (temp ~= nil) and (human ~= nil) and (human.Health > 0) then
				if (temp.Position - pos).magnitude < dist then
					torso = temp
					dist = (temp.Position - pos).magnitude
				end
			end
		end
	end
	return torso
end

function Hit(hit)
	local human = hit.Parent:FindFirstChild("Humanoid")
	if human ~= nil then
		human.Health =  human.Health -100
	end
end

larm.Touched:connect(Hit)
rarm.Touched:connect(Hit)

while true do
	wait(0.1)
